20
18
(0,2) (3,2) (3,11) (6,11) (6,6) (11,6) (11,13) (13,13) (13,16) (16,16) (16,4) (19,4)
0 0 0 0 0 0 0 0 0 0 0 0 0 0 0 0 0 0 0 0 
0 0 0 0 0 0 0 0 0 0 0 0 0 0 0 0 0 0 0 0
2 1 1 1 0 0 0 0 0 0 0 0 0 0 0 0 0 0 0 0
0 0 0 1 0 0 0 0 0 0 0 0 0 0 0 0 0 0 0 0 
0 0 0 1 0 0 0 0 0 0 0 0 0 0 0 0 1 1 1 3
0 0 0 1 0 0 0 0 0 0 0 0 0 0 0 0 1 0 0 0 
0 0 0 1 0 0 1 1 1 1 1 1 0 0 0 0 1 0 0 0 
0 0 0 1 0 0 1 0 0 0 0 1 0 0 0 0 1 0 0 0 
0 0 0 1 0 0 1 0 0 0 0 1 0 0 0 0 1 0 0 0 
0 0 0 1 0 0 1 0 0 0 0 1 0 0 0 0 1 0 0 0 
0 0 0 1 0 0 1 0 0 0 0 1 0 0 0 0 1 0 0 0 
0 0 0 1 1 1 1 0 0 0 0 1 0 0 0 0 1 0 0 0
0 0 0 0 0 0 0 0 0 0 0 1 0 0 0 0 1 0 0 0 
0 0 0 0 0 0 0 0 0 0 0 1 1 1 0 0 1 0 0 0 
0 0 0 0 0 0 0 0 0 0 0 0 0 1 0 0 1 0 0 0
0 0 0 0 0 0 0 0 0 0 0 0 0 1 0 0 1 0 0 0 
0 0 0 0 0 0 0 0 0 0 0 0 0 1 1 1 1 0 0 0
0 0 0 0 0 0 0 0 0 0 0 0 0 0 0 0 0 0 0 0 